   10001 Zhangsan      100      100      100      300
   10002 Lisi            0        0        0        0
   10003 Wangwu         95       80       85      260
   10004 Zhaoliu        75       60       70      205
   10005 Chenqi         65       48       60      173
   10006 Wuba           80       75       70      225
   10007 Zhaojiu        90       85       85      260
   10008 Qianshi        80       70       75      225
   10009 Liuyi          40       10       20       70
   10010 Guoer          75       70       75      220
